0.0
0.0
0.0
0.0
4.05
0.6139817629179332
0.11550151975683891
0.270516717325228
0.6058823529411764
0.13823529411764707
0.25588235294117645
0.0
0.0
0.0
0.2
9.9
0.6658415841584159
0.12871287128712872
0.20544554455445543
0.6454767726161369
0.16136919315403422
0.19315403422982885
0.0
0.0
0.0
0.4
-5.65
0.6485849056603774
0.12971698113207547
0.22169811320754718
0.6758104738154613
0.1596009975062344
0.16458852867830423
0.0
0.0
0.0
0.6000000000000001
-14.45
0.6561181434599156
0.14135021097046413
0.20253164556962025
0.7129629629629629
0.16435185185185186
0.12268518518518519
0.0
0.0
0.0
0.8
-3.7
0.6333333333333333
0.12222222222222222
0.24444444444444444
0.7321428571428571
0.16071428571428573
0.10714285714285714
0.0
0.0
0.0
1.0
8.75
0.6284658040665434
0.16820702402957485
0.2033271719038817
0.7203389830508474
0.20127118644067796
0.07838983050847458
0.0
0.0
0.2
0.0
-5.25
0.5918367346938775
0.12244897959183673
0.2857142857142857
0.5748502994011976
0.19461077844311378
0.23053892215568864
0.0
0.0
0.2
0.2
-2.5
0.563953488372093
0.11627906976744186
0.31976744186046513
0.5569620253164557
0.22151898734177214
0.22151898734177214
0.0
0.0
0.2
0.4
-0.4
0.5935828877005348
0.12566844919786097
0.2807486631016043
0.6205882352941177
0.20294117647058824
0.17647058823529413
0.0
0.0
0.2
0.6000000000000001
-9.95
0.5841346153846154
0.13701923076923078
0.27884615384615385
0.6086956521739131
0.25815217391304346
0.1331521739130435
0.0
0.0
0.2
0.8
-5.35
0.5875831485587583
0.13082039911308205
0.28159645232815966
0.6457765667574932
0.2561307901907357
0.09809264305177112
0.0
0.0
0.2
1.0
-3.3
0.598825831702544
0.14285714285714285
0.2583170254403131
0.6769596199524941
0.25653206650831356
0.0665083135391924
0.0
0.0
0.4
0.0
-2.1
0.5033783783783784
0.09121621621621621
0.40540540540540543
0.4714828897338403
0.26996197718631176
0.2585551330798479
0.0
0.0
0.4
0.2
-7.45
0.5533707865168539
0.10674157303370786
0.3398876404494382
0.501628664495114
0.32247557003257327
0.1758957654723127
0.0
0.0
0.4
0.4
5.95
0.5414507772020726
0.15025906735751296
0.3082901554404145
0.547752808988764
0.2808988764044944
0.17134831460674158
0.0
0.0
0.4
0.6000000000000001
-4.3
0.558974358974359
0.11794871794871795
0.3230769230769231
0.5667655786350149
0.2789317507418398
0.1543026706231454
0.0
0.0
0.4
0.8
-4.0
0.5573394495412844
0.13990825688073394
0.30275229357798167
0.6103542234332425
0.28065395095367845
0.10899182561307902
0.0
0.0
0.4
1.0
-7.6
0.5928270042194093
0.12658227848101267
0.2805907172995781
0.6455696202531646
0.2759493670886076
0.07848101265822785
0.0
0.0
0.6000000000000001
0.0
-2.75
0.5097402597402597
0.09415584415584416
0.3961038961038961
0.4338235294117647
0.33088235294117646
0.23529411764705882
0.0
0.0
0.6000000000000001
0.2
3.6
0.4984520123839009
0.12693498452012383
0.3746130030959752
0.4844290657439446
0.29411764705882354
0.22145328719723184
0.0
0.0
0.6000000000000001
0.4
-10.35
0.5070821529745042
0.11048158640226628
0.38243626062322944
0.4866666666666667
0.36666666666666664
0.14666666666666667
0.0
0.0
0.6000000000000001
0.6000000000000001
-17.25
0.5328282828282829
0.10101010101010101
0.3661616161616162
0.5408805031446541
0.36163522012578614
0.09748427672955975
0.0
0.0
0.6000000000000001
0.8
12.15
0.5311720698254364
0.10473815461346633
0.3640897755610973
0.5459940652818991
0.3620178041543027
0.09198813056379822
0.0
0.0
0.6000000000000001
1.0
-11.6
0.572354211663067
0.1079913606911447
0.31965442764578833
0.5528455284552846
0.38482384823848237
0.06233062330623306
0.0
0.0
0.8
0.0
-3.45
0.45977011494252873
0.05363984674329502
0.48659003831417624
0.36123348017621143
0.3656387665198238
0.27312775330396477
0.0
0.0
0.8
0.2
-2.95
0.45993031358885017
0.07665505226480836
0.4634146341463415
0.39591836734693875
0.3836734693877551
0.22040816326530613
0.0
0.0
0.8
0.4
-4.95
0.48265895953757226
0.10404624277456648
0.41329479768786126
0.4589041095890411
0.4041095890410959
0.136986301369863
0.0
0.0
0.8
0.6000000000000001
-15.5
0.4457831325301205
0.07228915662650602
0.4819277108433735
0.4262948207171315
0.4581673306772908
0.11553784860557768
0.0
0.0
0.8
0.8
-4.9
0.4818941504178273
0.09749303621169916
0.4206128133704735
0.46551724137931033
0.41379310344827586
0.1206896551724138
0.0
0.0
0.8
1.0
-5.4
0.5295508274231678
0.10401891252955082
0.3664302600472813
0.5611940298507463
0.3701492537313433
0.06865671641791045
0.0
0.0
1.0
0.0
-1.6
0.36594202898550726
0.09782608695652174
0.5362318840579711
0.19069767441860466
0.6186046511627907
0.19069767441860466
0.0
0.0
1.0
0.2
-9.15
0.3489208633093525
0.050359712230215826
0.6007194244604317
0.2315270935960591
0.6403940886699507
0.12807881773399016
0.0
0.0
1.0
0.4
1.0
0.4263803680981595
0.08895705521472393
0.48466257668711654
0.311284046692607
0.5875486381322957
0.10116731517509728
0.0
0.0
1.0
0.6000000000000001
-6.25
0.44
0.08285714285714285
0.47714285714285715
0.37777777777777777
0.5555555555555556
0.06666666666666667
0.0
0.0
1.0
0.8
-5.95
0.4269005847953216
0.07894736842105263
0.49415204678362573
0.35384615384615387
0.5615384615384615
0.08461538461538462
0.0
0.0
1.0
1.0
-10.15
0.38977635782747605
0.04792332268370607
0.5623003194888179
0.3153153153153153
0.6306306306306306
0.05405405405405406
0.0
0.2
0.0
0.2
-6.3
0.6491228070175439
0.15288220551378445
0.19799498746867167
0.656641604010025
0.13784461152882205
0.20551378446115287
0.0
0.2
0.0
0.4
-14.65
0.676595744680851
0.13191489361702127
0.19148936170212766
0.6837416481069042
0.16703786191536749
0.1492204899777283
0.0
0.2
0.0
0.6000000000000001
3.1
0.6545064377682404
0.14163090128755365
0.20386266094420602
0.6935483870967742
0.16129032258064516
0.14516129032258066
0.0
0.2
0.0
0.8
-9.55
0.6865671641791045
0.1455223880597015
0.16791044776119404
0.7295081967213115
0.1680327868852459
0.10245901639344263
0.0
0.2
0.0
1.0
4.2
0.6424682395644283
0.16878402903811252
0.18874773139745918
0.7425742574257426
0.18415841584158416
0.07326732673267326
0.0
0.2
0.2
0.2
-7.65
0.6325
0.1475
0.22
0.6344647519582245
0.1618798955613577
0.20365535248041775
0.0
0.2
0.2
0.4
-0.75
0.5990888382687927
0.1867881548974943
0.214123006833713
0.6172248803827751
0.215311004784689
0.1674641148325359
0.0
0.2
0.2
0.6000000000000001
-5.95
0.6504065040650406
0.13008130081300814
0.21951219512195122
0.6397379912663755
0.23580786026200873
0.12445414847161572
0.0
0.2
0.2
0.8
1.0
0.6115702479338843
0.13429752066115702
0.25413223140495866
0.6723300970873787
0.22572815533980584
0.10194174757281553
0.0
0.2
0.2
1.0
-0.05
0.6351606805293005
0.1323251417769376
0.23251417769376181
0.6571428571428571
0.2681318681318681
0.07472527472527472
0.0
0.2
0.4
0.2
3.5
0.5947368421052631
0.14736842105263157
0.2578947368421053
0.5241935483870968
0.26881720430107525
0.20698924731182797
0.0
0.2
0.4
0.4
-17.2
0.6164705882352941
0.11764705882352941
0.26588235294117646
0.5384615384615384
0.3128205128205128
0.14871794871794872
0.0
0.2
0.4
0.6000000000000001
10.8
0.5656108597285068
0.15610859728506787
0.27828054298642535
0.5750636132315522
0.3104325699745547
0.11450381679389313
0.0
0.2
0.4
0.8
0.3
0.5571095571095571
0.13286713286713286
0.31002331002331
0.5670391061452514
0.30446927374301674
0.12849162011173185
0.0
0.2
0.4
1.0
-0.85
0.5964214711729622
0.1411530815109344
0.2624254473161034
0.6080760095011877
0.31353919239904987
0.07838479809976247
0.0
0.2
0.6000000000000001
0.2
-5.75
0.5718390804597702
0.07758620689655173
0.3505747126436782
0.44805194805194803
0.3538961038961039
0.19805194805194806
0.0
0.2
0.6000000000000001
0.4
-11.3
0.561038961038961
0.11168831168831168
0.32727272727272727
0.45426829268292684
0.3871951219512195
0.15853658536585366
0.0
0.2
0.6000000000000001
0.6000000000000001
6.9
0.5629820051413882
0.13367609254498714
0.3033419023136247
0.4899713467048711
0.335243553008596
0.17478510028653296
0.0
0.2
0.6000000000000001
0.8
-8.25
0.5866050808314087
0.12702078521939955
0.2863741339491917
0.5414507772020726
0.33678756476683935
0.12176165803108809
0.0
0.2
0.6000000000000001
1.0
-9.1
0.5626373626373626
0.12087912087912088
0.31648351648351647
0.5213903743315508
0.39572192513368987
0.08288770053475936
0.0
0.2
0.8
0.2
-2.15
0.5345345345345346
0.11411411411411411
0.35135135135135137
0.3515358361774744
0.4334470989761092
0.2150170648464164
0.0
0.2
0.8
0.4
4.65
0.5306666666666666
0.11733333333333333
0.352
0.4263322884012539
0.4231974921630094
0.15047021943573669
0.0
0.2
0.8
0.6000000000000001
-6.6
0.5241935483870968
0.0967741935483871
0.3790322580645161
0.4788273615635179
0.40390879478827363
0.11726384364820847
0.0
0.2
0.8
0.8
-10.15
0.5397590361445783
0.14216867469879518
0.3180722891566265
0.4808743169398907
0.38524590163934425
0.13387978142076504
0.0
0.2
0.8
1.0
11.95
0.5714285714285714
0.17184265010351968
0.2567287784679089
0.4794188861985472
0.41404358353510895
0.10653753026634383
0.0
0.2
1.0
0.2
-11.25
0.4668587896253602
0.0893371757925072
0.4438040345821326
0.26136363636363635
0.6174242424242424
0.12121212121212122
0.0
0.2
1.0
0.4
8.75
0.48677248677248675
0.12169312169312169
0.3915343915343915
0.3180327868852459
0.5606557377049181
0.12131147540983607
0.0
0.2
1.0
0.6000000000000001
-7.5
0.4894179894179894
0.09788359788359788
0.4126984126984127
0.35906040268456374
0.5369127516778524
0.1040268456375839
0.0
0.2
1.0
0.8
2.95
0.5038560411311054
0.08740359897172237
0.4087403598971722
0.31456953642384106
0.6026490066225165
0.08278145695364239
0.0
0.2
1.0
1.0
-0.75
0.45027624309392267
0.08011049723756906
0.4696132596685083
0.3233082706766917
0.6127819548872181
0.06390977443609022
0.0
0.4
0.0
0.4
-1.75
0.6521739130434783
0.1782608695652174
0.16956521739130434
0.6504237288135594
0.1843220338983051
0.1652542372881356
0.0
0.4
0.0
0.6000000000000001
7.15
0.6406926406926406
0.16883116883116883
0.19047619047619047
0.6771300448430493
0.16591928251121077
0.15695067264573992
0.0
0.4
0.0
0.8
5.7
0.6754716981132075
0.13773584905660377
0.18679245283018867
0.7070707070707071
0.1797979797979798
0.11313131313131314
0.0
0.4
0.0
1.0
0.9
0.6292335115864528
0.19964349376114082
0.1711229946524064
0.7037735849056603
0.19433962264150945
0.1018867924528302
0.0
0.4
0.2
0.4
-9.95
0.6338672768878718
0.13501144164759726
0.2311212814645309
0.5916870415647921
0.2469437652811736
0.16136919315403422
0.0
0.4
0.2
0.6000000000000001
3.95
0.6561264822134387
0.18379446640316205
0.1600790513833992
0.6455445544554456
0.21188118811881188
0.14257425742574256
0.0
0.4
0.2
0.8
15.4
0.650319829424307
0.15991471215351813
0.18976545842217485
0.6099773242630385
0.23356009070294784
0.1564625850340136
0.0
0.4
0.2
1.0
-31.05
0.6183745583038869
0.18904593639575973
0.19257950530035337
0.6334661354581673
0.2788844621513944
0.08764940239043825
0.0
0.4
0.4
0.4
10.15
0.6090909090909091
0.18636363636363637
0.20454545454545456
0.5430622009569378
0.28708133971291866
0.16985645933014354
0.0
0.4
0.4
0.6000000000000001
-5.45
0.6190476190476191
0.1471861471861472
0.23376623376623376
0.5728155339805825
0.2961165048543689
0.13106796116504854
0.0
0.4
0.4
0.8
-0.95
0.6363636363636364
0.1470019342359768
0.21663442940038685
0.5760869565217391
0.31956521739130433
0.10434782608695652
0.0
0.4
0.4
1.0
4.65
0.6135922330097088
0.15145631067961166
0.23495145631067962
0.5739514348785872
0.3333333333333333
0.09271523178807947
0.0
0.4
0.6000000000000001
0.4
-0.25
0.62
0.1511111111111111
0.2288888888888889
0.5083932853717026
0.33093525179856115
0.1606714628297362
0.0
0.4
0.6000000000000001
0.6000000000000001
-3.75
0.625
0.15416666666666667
0.22083333333333333
0.49213483146067416
0.36179775280898874
0.14606741573033707
0.0
0.4
0.6000000000000001
0.8
-7.2
0.6134122287968442
0.14003944773175542
0.2465483234714004
0.5462555066079295
0.3744493392070485
0.07929515418502203
0.0
0.4
0.6000000000000001
1.0
-2.6
0.5995893223819302
0.12114989733059549
0.2792607802874743
0.5452322738386308
0.3740831295843521
0.08068459657701711
0.0
0.4
0.8
0.4
3.05
0.5748218527315915
0.11401425178147269
0.31116389548693585
0.4
0.4535211267605634
0.14647887323943662
0.0
0.4
0.8
0.6000000000000001
-5.2
0.5775656324582339
0.12410501193317422
0.29832935560859186
0.4376731301939058
0.4182825484764543
0.1440443213296399
0.0
0.4
0.8
0.8
-1.15
0.5962732919254659
0.13250517598343686
0.2712215320910973
0.4552058111380145
0.44552058111380144
0.09927360774818401
0.0
0.4
0.8
1.0
20.85
0.5836734693877551
0.15714285714285714
0.25918367346938775
0.5024038461538461
0.40625
0.09134615384615384
0.0
0.4
1.0
0.4
-2.5
0.5478036175710594
0.08785529715762273
0.3643410852713178
0.31875
0.56875
0.1125
0.0
0.4
1.0
0.6000000000000001
-13.55
0.5264423076923077
0.09375
0.3798076923076923
0.3343465045592705
0.5775075987841946
0.08814589665653495
0.0
0.4
1.0
0.8
-1.5
0.5214285714285715
0.10952380952380952
0.36904761904761907
0.3098159509202454
0.6134969325153374
0.07668711656441718
0.0
0.4
1.0
1.0
-0.15
0.55
0.10909090909090909
0.3409090909090909
0.3248587570621469
0.5847457627118644
0.0903954802259887
0.0
0.6000000000000001
0.0
0.6000000000000001
7.1
0.6812977099236641
0.18893129770992367
0.1297709923664122
0.6774193548387096
0.1840607210626186
0.13851992409867173
0.0
0.6000000000000001
0.0
0.8
7.35
0.6539130434782608
0.21739130434782608
0.12869565217391304
0.6903114186851211
0.1903114186851211
0.11937716262975778
0.0
0.6000000000000001
0.0
1.0
-8.65
0.654300168634064
0.20236087689713322
0.1433389544688027
0.6951871657754011
0.19964349376114082
0.1051693404634581
0.0
0.6000000000000001
0.2
0.6000000000000001
-7.1
0.6829745596868885
0.14090019569471623
0.1761252446183953
0.6116910229645094
0.2567849686847599
0.1315240083507307
0.0
0.6000000000000001
0.2
0.8
-10.1
0.6401446654611211
0.16817359855334538
0.19168173598553345
0.6171875
0.27734375
0.10546875
0.0
0.6000000000000001
0.2
1.0
17.55
0.6218181818181818
0.2
0.1781818181818182
0.6553784860557769
0.2410358565737052
0.10358565737051793
0.0
0.6000000000000001
0.4
0.6000000000000001
-1.55
0.5927505330490405
0.18550106609808104
0.22174840085287847
0.5403587443946188
0.3071748878923767
0.15246636771300448
0.0
0.6000000000000001
0.4
0.8
-6.9
0.6288461538461538
0.1673076923076923
0.20384615384615384
0.5711297071129707
0.303347280334728
0.12552301255230125
0.0
0.6000000000000001
0.4
1.0
13.6
0.6227106227106227
0.17765567765567766
0.19963369963369965
0.5717171717171717
0.33131313131313134
0.09696969696969697
0.0
0.6000000000000001
0.6000000000000001
0.6000000000000001
9.1
0.6016260162601627
0.17886178861788618
0.21951219512195122
0.501123595505618
0.36404494382022473
0.1348314606741573
0.0
0.6000000000000001
0.6000000000000001
0.8
3.25
0.6038095238095238
0.2038095238095238
0.19238095238095237
0.4904862579281184
0.38054968287526425
0.12896405919661733
0.0
0.6000000000000001
0.6000000000000001
1.0
-14.85
0.6146788990825688
0.1596330275229358
0.22568807339449543
0.5443037974683544
0.37341772151898733
0.08227848101265822
0.0
0.6000000000000001
0.8
0.6000000000000001
-14.55
0.5889830508474576
0.1652542372881356
0.2457627118644068
0.44547563805104406
0.41067285382830626
0.14385150812064965
0.0
0.6000000000000001
0.8
0.8
-5.55
0.5975103734439834
0.14107883817427386
0.26141078838174275
0.43414634146341463
0.44146341463414634
0.12439024390243902
0.0
0.6000000000000001
0.8
1.0
-11.65
0.5809716599190283
0.1417004048582996
0.2773279352226721
0.44019138755980863
0.4784688995215311
0.08133971291866028
0.0
0.6000000000000001
1.0
0.6000000000000001
-1.7
0.5751633986928104
0.1328976034858388
0.29193899782135074
0.366412213740458
0.5318066157760815
0.10178117048346055
0.0
0.6000000000000001
1.0
0.8
-9.5
0.5635245901639344
0.14959016393442623
0.28688524590163933
0.3333333333333333
0.5964912280701754
0.07017543859649122
0.0
0.6000000000000001
1.0
1.0
-13.1
0.5846456692913385
0.1279527559055118
0.2874015748031496
0.3472906403940887
0.5911330049261084
0.06157635467980296
0.0
0.8
0.0
0.8
-18.8
0.6756272401433692
0.1989247311827957
0.12544802867383512
0.6545454545454545
0.20909090909090908
0.13636363636363635
0.0
0.8
0.0
1.0
-5.4
0.7039473684210527
0.19736842105263158
0.09868421052631579
0.6939799331103679
0.20903010033444816
0.09698996655518395
0.0
0.8
0.2
0.8
1.3
0.6871794871794872
0.19829059829059828
0.11452991452991453
0.6172413793103448
0.2637931034482759
0.11896551724137931
0.0
0.8
0.2
1.0
1.8
0.6725806451612903
0.1967741935483871
0.13064516129032258
0.6474576271186441
0.2457627118644068
0.10677966101694915
0.0
0.8
0.4
0.8
-8.2
0.6466165413533834
0.16729323308270677
0.18609022556390978
0.5421686746987951
0.3393574297188755
0.11847389558232932
0.0
0.8
0.4
1.0
10.15
0.6245847176079734
0.21760797342192692
0.15780730897009967
0.572744014732965
0.3314917127071823
0.09576427255985268
0.0
0.8
0.6000000000000001
0.8
-9.9
0.666015625
0.12890625
0.205078125
0.4703296703296703
0.4065934065934066
0.12307692307692308
0.0
0.8
0.6000000000000001
1.0
6.15
0.6245421245421245
0.17032967032967034
0.20512820512820512
0.5308151093439364
0.37375745526838966
0.09542743538767395
0.0
0.8
0.8
0.8
0.7
0.6309090909090909
0.17636363636363636
0.19272727272727272
0.4634146341463415
0.4329268292682927
0.10365853658536585
0.0
0.8
0.8
1.0
-6.5
0.6440677966101694
0.17796610169491525
0.17796610169491525
0.5327102803738317
0.3644859813084112
0.102803738317757
0.0
0.8
1.0
0.8
5.2
0.6427255985267035
0.13627992633517497
0.22099447513812154
0.3616557734204793
0.5403050108932462
0.09803921568627451
0.0
0.8
1.0
1.0
-0.9
0.5965217391304348
0.18608695652173912
0.21739130434782608
0.40451745379876797
0.5256673511293635
0.06981519507186858
0.0
1.0
0.0
1.0
-6.5
0.7014492753623188
0.2028985507246377
0.09565217391304348
0.6902255639097744
0.23609022556390977
0.07368421052631578
0.0
1.0
0.2
1.0
9.15
0.6436597110754414
0.2375601926163724
0.1187800963081862
0.5941080196399345
0.29132569558101473
0.11456628477905073
0.0
1.0
0.4
1.0
12.25
0.6622734761120264
0.19604612850082373
0.1416803953871499
0.5460750853242321
0.3515358361774744
0.10238907849829351
0.0
1.0
0.6000000000000001
1.0
-11.85
0.6640502354788069
0.19152276295133439
0.14442700156985872
0.5233160621761658
0.38687392055267705
0.08981001727115717
0.0
1.0
0.8
1.0
-9.4
0.6319218241042345
0.19055374592833876
0.1775244299674267
0.44525547445255476
0.46715328467153283
0.08759124087591241
0.0
1.0
1.0
1.0
-8.05
0.6200657894736842
0.17927631578947367
0.20065789473684212
0.3353413654618474
0.5923694779116466
0.07228915662650602
0.2
0.0
0.2
0.0
4.25
0.546583850931677
0.13664596273291926
0.3167701863354037
0.550314465408805
0.20125786163522014
0.24842767295597484
0.2
0.0
0.2
0.2
-13.6
0.5102639296187683
0.19941348973607037
0.2903225806451613
0.5403726708074534
0.2080745341614907
0.2515527950310559
0.2
0.0
0.2
0.4
-1.6
0.5757575757575758
0.12947658402203857
0.29476584022038566
0.6377708978328174
0.17027863777089783
0.19195046439628483
0.2
0.0
0.2
0.6000000000000001
19.7
0.5150684931506849
0.22465753424657534
0.2602739726027397
0.5835616438356165
0.21095890410958903
0.2054794520547945
0.2
0.0
0.2
0.8
0.6
0.5511111111111111
0.20444444444444446
0.24444444444444444
0.6698564593301436
0.1937799043062201
0.13636363636363635
0.2
0.0
0.2
1.0
14.9
0.532520325203252
0.23577235772357724
0.23170731707317074
0.6621315192743764
0.23129251700680273
0.10657596371882086
0.2
0.0
0.4
0.0
-5.2
0.5
0.14122137404580154
0.35877862595419846
0.4517374517374517
0.19305019305019305
0.3552123552123552
0.2
0.0
0.4
0.2
2.85
0.3726235741444867
0.20532319391634982
0.4220532319391635
0.424
0.268
0.308
0.2
0.0
0.4
0.4
-1.05
0.38943894389438943
0.20132013201320131
0.40924092409240925
0.4600760456273764
0.2889733840304182
0.2509505703422053
0.2
0.0
0.4
0.6000000000000001
9.9
0.5071633237822349
0.14613180515759314
0.3467048710601719
0.521594684385382
0.2823920265780731
0.19601328903654486
0.2
0.0
0.4
0.8
-9.4
0.49214659685863876
0.1544502617801047
0.35340314136125656
0.5838509316770186
0.27639751552795033
0.13975155279503104
0.2
0.0
0.4
1.0
-4.35
0.508695652173913
0.19782608695652174
0.29347826086956524
0.6342710997442456
0.2864450127877238
0.0792838874680307
0.2
0.0
0.6000000000000001
0.0
2.35
0.36123348017621143
0.1013215859030837
0.5374449339207048
0.2822966507177033
0.37320574162679426
0.3444976076555024
0.2
0.0
0.6000000000000001
0.2
-2.4
0.44482758620689655
0.11379310344827587
0.4413793103448276
0.416988416988417
0.3590733590733591
0.22393822393822393
0.2
0.0
0.6000000000000001
0.4
13.7
0.38762214983713356
0.2182410423452769
0.3941368078175896
0.4375
0.3235294117647059
0.23897058823529413
0.2
0.0
0.6000000000000001
0.6000000000000001
9.05
0.39465875370919884
0.2314540059347181
0.37388724035608306
0.49019607843137253
0.3202614379084967
0.1895424836601307
0.2
0.0
0.6000000000000001
0.8
6.2
0.44173441734417346
0.16802168021680217
0.3902439024390244
0.5256410256410257
0.3557692307692308
0.11858974358974358
0.2
0.0
0.6000000000000001
1.0
-8.2
0.46786632390745503
0.13624678663239073
0.39588688946015427
0.532051282051282
0.375
0.09294871794871795
0.2
0.0
0.8
0.0
-0.85
0.3813559322033898
0.16101694915254236
0.4576271186440678
0.2702702702702703
0.34684684684684686
0.38288288288288286
0.2
0.0
0.8
0.2
1.2
0.34108527131782945
0.1434108527131783
0.5155038759689923
0.36363636363636365
0.38095238095238093
0.2554112554112554
0.2
0.0
0.8
0.4
-9.7
0.41304347826086957
0.16770186335403728
0.4192546583850932
0.4332129963898917
0.37184115523465705
0.19494584837545126
0.2
0.0
0.8
0.6000000000000001
3.8
0.4332344213649852
0.17804154302670624
0.3887240356083086
0.4533333333333333
0.37666666666666665
0.17
0.2
0.0
0.8
0.8
1.75
0.38317757009345793
0.17133956386292834
0.4454828660436137
0.43283582089552236
0.39552238805970147
0.17164179104477612
0.2
0.0
0.8
1.0
1.2
0.4694835680751174
0.18779342723004694
0.3427230046948357
0.5459610027855153
0.362116991643454
0.09192200557103064
0.2
0.0
1.0
0.0
-7.9
0.2923076923076923
0.11923076923076924
0.5884615384615385
0.165
0.615
0.22
0.2
0.0
1.0
0.2
-15.15
0.2974910394265233
0.1111111111111111
0.5913978494623656
0.22727272727272727
0.6318181818181818
0.1409090909090909
0.2
0.0
1.0
0.4
-10.3
0.23137254901960785
0.12549019607843137
0.6431372549019608
0.20634920634920634
0.6243386243386243
0.1693121693121693
0.2
0.0
1.0
0.6000000000000001
-4.8
0.3108108108108108
0.12162162162162163
0.5675675675675675
0.30180180180180183
0.5900900900900901
0.10810810810810811
0.2
0.0
1.0
0.8
-0.6
0.3302180685358255
0.14018691588785046
0.5295950155763239
0.3387096774193548
0.5887096774193549
0.07258064516129033
0.2
0.0
1.0
1.0
-9.5
0.34824281150159747
0.10223642172523961
0.549520766773163
0.29646017699115046
0.6238938053097345
0.07964601769911504
0.2
0.2
0.2
0.2
6.4
0.5389221556886228
0.2245508982035928
0.23652694610778444
0.5730659025787965
0.15472779369627507
0.2722063037249284
0.2
0.2
0.2
0.4
5.2
0.5725593667546174
0.18997361477572558
0.23746701846965698
0.592
0.20266666666666666
0.20533333333333334
0.2
0.2
0.2
0.6000000000000001
-5.35
0.5501165501165501
0.21445221445221446
0.23543123543123542
0.625
0.21323529411764705
0.16176470588235295
0.2
0.2
0.2
0.8
4.9
0.5443037974683544
0.229957805907173
0.22573839662447256
0.6417582417582418
0.22637362637362637
0.13186813186813187
0.2
0.2
0.2
1.0
7.5
0.5695238095238095
0.21333333333333335
0.21714285714285714
0.6723044397463002
0.25158562367864695
0.07610993657505286
0.2
0.2
0.4
0.2
5.4
0.5323076923076923
0.19384615384615383
0.27384615384615385
0.4773413897280967
0.24773413897280966
0.27492447129909364
0.2
0.2
0.4
0.4
-2.45
0.5245098039215687
0.20588235294117646
0.2696078431372549
0.5352480417754569
0.2898172323759791
0.17493472584856398
0.2
0.2
0.4
0.6000000000000001
3.0
0.528395061728395
0.2123456790123457
0.25925925925925924
0.5201072386058981
0.29222520107238603
0.1876675603217158
0.2
0.2
0.4
0.8
-6.0
0.49135802469135803
0.19753086419753085
0.3111111111111111
0.5770308123249299
0.27170868347338933
0.15126050420168066
0.2
0.2
0.4
1.0
-8.3
0.5295358649789029
0.20042194092827004
0.270042194092827
0.5683962264150944
0.32547169811320753
0.10613207547169812
0.2
0.2
0.6000000000000001
0.2
-0.8
0.471976401179941
0.1976401179941003
0.3303834808259587
0.40764331210191085
0.3503184713375796
0.24203821656050956
0.2
0.2
0.6000000000000001
0.4
-9.2
0.5100864553314121
0.15561959654178675
0.33429394812680113
0.48787878787878786
0.30303030303030304
0.20909090909090908
0.2
0.2
0.6000000000000001
0.6000000000000001
-8.6
0.4973404255319149
0.22340425531914893
0.27925531914893614
0.5227272727272727
0.26988636363636365
0.20738636363636365
0.2
0.2
0.6000000000000001
0.8
-7.35
0.4940047961630695
0.2014388489208633
0.30455635491606714
0.5068119891008175
0.35967302452316074
0.1335149863760218
0.2
0.2
0.6000000000000001
1.0
0.95
0.5011286681715575
0.18510158013544017
0.31376975169300225
0.5573333333333333
0.3466666666666667
0.096
0.2
0.2
0.8
0.2
-3.1
0.4533333333333333
0.16
0.38666666666666666
0.3382352941176471
0.40441176470588236
0.25735294117647056
0.2
0.2
0.8
0.4
-9.55
0.4871060171919771
0.18051575931232092
0.332378223495702
0.425
0.35625
0.21875
0.2
0.2
0.8
0.6000000000000001
-1.05
0.4573002754820937
0.1763085399449036
0.36639118457300274
0.42038216560509556
0.40764331210191085
0.17197452229299362
0.2
0.2
0.8
0.8
2.3
0.5
0.19285714285714287
0.30714285714285716
0.5148247978436657
0.3504043126684636
0.1347708894878706
0.2
0.2
0.8
1.0
0.0
0.5159090909090909
0.175
0.3090909090909091
0.48641304347826086
0.4048913043478261
0.10869565217391304
0.2
0.2
1.0
0.2
-9.6
0.4276923076923077
0.10461538461538461
0.4676923076923077
0.2396694214876033
0.6157024793388429
0.1446280991735537
0.2
0.2
1.0
0.4
-19.35
0.41739130434782606
0.12753623188405797
0.45507246376811594
0.30566037735849055
0.5660377358490566
0.12830188679245283
0.2
0.2
1.0
0.6000000000000001
-13.4
0.37058823529411766
0.17647058823529413
0.45294117647058824
0.26277372262773724
0.5948905109489051
0.14233576642335766
0.2
0.2
1.0
0.8
2.8
0.4423076923076923
0.12637362637362637
0.43131868131868134
0.2638888888888889
0.6458333333333334
0.09027777777777778
0.2
0.2
1.0
1.0
-3.45
0.4587628865979381
0.10051546391752578
0.44072164948453607
0.3202614379084967
0.630718954248366
0.049019607843137254
0.2
0.4
0.2
0.4
11.5
0.5746268656716418
0.21890547263681592
0.2064676616915423
0.5746268656716418
0.21393034825870647
0.21144278606965175
0.2
0.4
0.2
0.6000000000000001
6.05
0.5402010050251256
0.22110552763819097
0.23869346733668342
0.5877862595419847
0.2010178117048346
0.21119592875318066
0.2
0.4
0.2
0.8
9.8
0.5585215605749486
0.24229979466119098
0.19917864476386038
0.6162528216704289
0.2325056433408578
0.15124153498871332
0.2
0.4
0.2
1.0
8.65
0.5750487329434698
0.21052631578947367
0.21442495126705652
0.6320346320346321
0.24675324675324675
0.12121212121212122
0.2
0.4
0.4
0.4
-0.2
0.5566750629722922
0.2040302267002519
0.23929471032745592
0.5012658227848101
0.2810126582278481
0.21772151898734177
0.2
0.4
0.4
0.6000000000000001
1.55
0.5445783132530121
0.23132530120481928
0.22409638554216868
0.5552941176470588
0.25176470588235295
0.19294117647058823
0.2
0.4
0.4
0.8
-2.65
0.5479166666666667
0.2375
0.21458333333333332
0.5846153846153846
0.2703296703296703
0.14505494505494507
0.2
0.4
0.4
1.0
-20.1
0.55078125
0.216796875
0.232421875
0.5614035087719298
0.33771929824561403
0.10087719298245613
0.2
0.4
0.6000000000000001
0.4
5.9
0.5466321243523317
0.18911917098445596
0.26424870466321243
0.46994535519125685
0.30601092896174864
0.22404371584699453
0.2
0.4
0.6000000000000001
0.6000000000000001
-11.85
0.5352798053527981
0.1654501216545012
0.29927007299270075
0.49584487534626037
0.3379501385041551
0.16620498614958448
0.2
0.4
0.6000000000000001
0.8
-15.5
0.5263157894736842
0.19221967963386727
0.2814645308924485
0.4789473684210526
0.3815789473684211
0.1394736842105263
0.2
0.4
0.6000000000000001
1.0
-0.55
0.5408163265306123
0.20612244897959184
0.2530612244897959
0.5157657657657657
0.3761261261261261
0.10810810810810811
0.2
0.4
0.8
0.4
10.1
0.5323383084577115
0.21890547263681592
0.24875621890547264
0.42933333333333334
0.37066666666666664
0.2
0.2
0.4
0.8
0.6000000000000001
20.35
0.5548098434004475
0.1789709172259508
0.2662192393736018
0.4552238805970149
0.39552238805970147
0.14925373134328357
0.2
0.4
0.8
0.8
-8.85
0.5091324200913242
0.1780821917808219
0.3127853881278539
0.45989304812834225
0.42780748663101603
0.11229946524064172
0.2
0.4
0.8
1.0
4.65
0.5155925155925156
0.2203742203742204
0.26403326403326405
0.5036496350364964
0.36982968369829683
0.12652068126520682
0.2
0.4
1.0
0.4
16.55
0.47901234567901235
0.18271604938271604
0.33827160493827163
0.30177514792899407
0.5562130177514792
0.14201183431952663
0.2
0.4
1.0
0.6000000000000001
-15.55
0.5191873589164786
0.18058690744920994
0.3002257336343115
0.33689839572192515
0.5427807486631016
0.12032085561497326
0.2
0.4
1.0
0.8
-10.8
0.5023696682464455
0.16113744075829384
0.33649289099526064
0.3352272727272727
0.5482954545454546
0.11647727272727272
0.2
0.4
1.0
1.0
-19.3
0.47342995169082125
0.1280193236714976
0.39855072463768115
0.3270440251572327
0.6069182389937107
0.0660377358490566
0.2
0.6000000000000001
0.2
0.6000000000000001
7.3
0.5847107438016529
0.2396694214876033
0.1756198347107438
0.5975103734439834
0.24688796680497926
0.15560165975103735
0.2
0.6000000000000001
0.2
0.8
-1.85
0.5702970297029702
0.25742574257425743
0.17227722772277226
0.6186612576064908
0.2332657200811359
0.14807302231237324
0.2
0.6000000000000001
0.2
1.0
0.4
0.6120401337792643
0.23745819397993312
0.1505016722408027
0.6638078902229846
0.241852487135506
0.09433962264150944
0.2
0.6000000000000001
0.4
0.6000000000000001
18.6
0.5821501014198783
0.23123732251521298
0.18661257606490872
0.5557894736842105
0.28842105263157897
0.15578947368421053
0.2
0.6000000000000001
0.4
0.8
4.75
0.566990291262136
0.2446601941747573
0.1883495145631068
0.5612244897959183
0.2979591836734694
0.14081632653061224
0.2
0.6000000000000001
0.4
1.0
-1.35
0.5488721804511278
0.26127819548872183
0.18984962406015038
0.5825049701789264
0.3061630218687873
0.11133200795228629
0.2
0.6000000000000001
0.6000000000000001
0.6000000000000001
-10.8
0.5490196078431373
0.21568627450980393
0.23529411764705882
0.4795180722891566
0.363855421686747
0.1566265060240964
0.2
0.6000000000000001
0.6000000000000001
0.8
-12.4
0.5515021459227468
0.21888412017167383
0.2296137339055794
0.4909090909090909
0.3568181818181818
0.15227272727272728
0.2
0.6000000000000001
0.6000000000000001
1.0
16.2
0.5672514619883041
0.20857699805068225
0.22417153996101363
0.517467248908297
0.37336244541484714
0.1091703056768559
0.2
0.6000000000000001
0.8
0.6000000000000001
11.1
0.5642201834862385
0.1743119266055046
0.26146788990825687
0.4253164556962025
0.4253164556962025
0.14936708860759493
0.2
0.6000000000000001
0.8
0.8
-8.45
0.5393518518518519
0.16435185185185186
0.2962962962962963
0.43846153846153846
0.4256410256410256
0.1358974358974359
0.2
0.6000000000000001
0.8
1.0
-8.9
0.5770676691729323
0.19548872180451127
0.2274436090225564
0.4781704781704782
0.42203742203742206
0.0997920997920998
0.2
0.6000000000000001
1.0
0.6000000000000001
1.75
0.5506329113924051
0.18143459915611815
0.2679324894514768
0.3308270676691729
0.5488721804511278
0.12030075187969924
0.2
0.6000000000000001
1.0
0.8
6.4
0.4788732394366197
0.18779342723004694
0.3333333333333333
0.325068870523416
0.5399449035812672
0.1349862258953168
0.2
0.6000000000000001
1.0
1.0
-1.6
0.5034965034965035
0.18181818181818182
0.3146853146853147
0.34332425068119893
0.5449591280653951
0.11171662125340599
0.2
0.8
0.2
0.8
8.85
0.5828460038986355
0.24366471734892786
0.17348927875243664
0.628131021194605
0.22350674373795762
0.14836223506743737
0.2
0.8
0.2
1.0
9.8
0.5719237435008665
0.2824956672443674
0.14558058925476602
0.6135181975736569
0.2651646447140381
0.12131715771230503
0.2
0.8
0.4
0.8
-10.1
0.6093457943925233
0.22429906542056074
0.16635514018691588
0.5076335877862596
0.3473282442748092
0.1450381679389313
0.2
0.8
0.4
1.0
-15.2
0.5992844364937389
0.22003577817531306
0.1806797853309481
0.560377358490566
0.3339622641509434
0.10566037735849057
0.2
0.8
0.6000000000000001
0.8
10.6
0.5797665369649806
0.23346303501945526
0.1867704280155642
0.5238095238095238
0.33540372670807456
0.14078674948240166
0.2
0.8
0.6000000000000001
1.0
-26.7
0.6132231404958678
0.21983471074380165
0.1669421487603306
0.515426497277677
0.38656987295825773
0.09800362976406533
0.2
0.8
0.8
0.8
3.9
0.5705263157894737
0.21052631578947367
0.21894736842105264
0.4634146341463415
0.3858093126385809
0.15077605321507762
0.2
0.8
0.8
1.0
9.9
0.5641025641025641
0.21794871794871795
0.21794871794871795
0.4857142857142857
0.41020408163265304
0.10408163265306122
0.2
0.8
1.0
0.8
4.9
0.5596153846153846
0.2173076923076923
0.2230769230769231
0.3208791208791209
0.5560439560439561
0.12307692307692308
0.2
0.8
1.0
1.0
0.45
0.5195876288659794
0.20618556701030927
0.27422680412371137
0.32367149758454106
0.5700483091787439
0.10628019323671498
0.2
1.0
0.2
1.0
-10.25
0.5655737704918032
0.3114754098360656
0.12295081967213115
0.5702479338842975
0.32231404958677684
0.10743801652892562
0.2
1.0
0.4
1.0
-0.25
0.5809199318568995
0.28620102214650767
0.13287904599659284
0.5421686746987951
0.32013769363166955
0.13769363166953527
0.2
1.0
0.6000000000000001
1.0
-9.4
0.6165540540540541
0.24493243243243243
0.13851351351351351
0.49469964664310956
0.3869257950530035
0.11837455830388692
0.2
1.0
0.8
1.0
0.05
0.5979381443298969
0.22164948453608246
0.18041237113402062
0.44029850746268656
0.44776119402985076
0.11194029850746269
0.2
1.0
1.0
1.0
0.35
0.6146179401993356
0.2159468438538206
0.16943521594684385
0.3552123552123552
0.5424710424710425
0.10231660231660232
0.4
0.0
0.4
0.0
7.35
0.3487394957983193
0.3025210084033613
0.3487394957983193
0.41106719367588934
0.17391304347826086
0.4150197628458498
0.4
0.0
0.4
0.2
-8.85
0.46540880503144655
0.2138364779874214
0.32075471698113206
0.5078369905956113
0.2413793103448276
0.2507836990595611
0.4
0.0
0.4
0.4
-15.6
0.41533546325878595
0.24920127795527156
0.3354632587859425
0.5016722408026756
0.22742474916387959
0.2709030100334448
0.4
0.0
0.4
0.6000000000000001
-10.3
0.4265129682997118
0.23919308357348704
0.33429394812680113
0.5095541401273885
0.2770700636942675
0.21337579617834396
0.4
0.0
0.4
0.8
-0.45
0.4674698795180723
0.26265060240963856
0.26987951807228916
0.6141732283464567
0.23097112860892388
0.15485564304461943
0.4
0.0
0.4
1.0
-12.35
0.4393939393939394
0.2196969696969697
0.3409090909090909
0.5828402366863905
0.2869822485207101
0.1301775147928994
0.4
0.0
0.6000000000000001
0.0
0.7
0.3729508196721312
0.19262295081967212
0.4344262295081967
0.32098765432098764
0.32510288065843623
0.35390946502057613
0.4
0.0
0.6000000000000001
0.2
-6.4
0.33587786259541985
0.1984732824427481
0.46564885496183206
0.34913793103448276
0.34051724137931033
0.3103448275862069
0.4
0.0
0.6000000000000001
0.4
-6.95
0.38943894389438943
0.24752475247524752
0.36303630363036304
0.45918367346938777
0.2619047619047619
0.2789115646258503
0.4
0.0
0.6000000000000001
0.6000000000000001
-1.3
0.4166666666666667
0.22916666666666666
0.3541666666666667
0.5224358974358975
0.27884615384615385
0.1987179487179487
0.4
0.0
0.6000000000000001
0.8
-8.4
0.3434650455927052
0.2613981762917933
0.3951367781155015
0.47315436241610737
0.34563758389261745
0.18120805369127516
0.4
0.0
0.6000000000000001
1.0
12.2
0.44724770642201833
0.24770642201834864
0.30504587155963303
0.5633074935400517
0.32299741602067183
0.11369509043927649
0.4
0.0
0.8
0.0
3.35
0.29508196721311475
0.21311475409836064
0.4918032786885246
0.2374429223744292
0.4337899543378995
0.3287671232876712
0.4
0.0
0.8
0.2
12.8
0.3282442748091603
0.25572519083969464
0.41603053435114506
0.3787878787878788
0.3181818181818182
0.30303030303030304
0.4
0.0
0.8
0.4
12.5
0.3380281690140845
0.2676056338028169
0.39436619718309857
0.41911764705882354
0.29044117647058826
0.29044117647058826
0.4
0.0
0.8
0.6000000000000001
10.05
0.3486238532110092
0.24464831804281345
0.40672782874617736
0.42560553633217996
0.38408304498269896
0.1903114186851211
0.4
0.0
0.8
0.8
-5.0
0.412568306010929
0.22404371584699453
0.3633879781420765
0.5235109717868338
0.3322884012539185
0.14420062695924765
0.4
0.0
0.8
1.0
2.85
0.40298507462686567
0.2562189054726368
0.3407960199004975
0.49859943977591037
0.37254901960784315
0.12885154061624648
0.4
0.0
1.0
0.0
-12.25
0.2265625
0.21484375
0.55859375
0.16346153846153846
0.5817307692307693
0.2548076923076923
0.4
0.0
1.0
0.2
-12.6
0.25196850393700787
0.15748031496062992
0.5905511811023622
0.25
0.5294117647058824
0.22058823529411764
0.4
0.0
1.0
0.4
-1.75
0.20973782771535582
0.23220973782771537
0.5580524344569289
0.2831050228310502
0.4977168949771689
0.2191780821917808
0.4
0.0
1.0
0.6000000000000001
-4.7
0.2861736334405145
0.2540192926045016
0.45980707395498394
0.313953488372093
0.49224806201550386
0.1937984496124031
0.4
0.0
1.0
0.8
-15.0
0.2964169381107492
0.15309446254071662
0.5504885993485342
0.3469387755102041
0.5591836734693878
0.09387755102040816
0.4
0.0
1.0
1.0
-15.7
0.2833333333333333
0.15
0.5666666666666667
0.2978723404255319
0.6
0.10212765957446808
0.4
0.2
0.4
0.2
-10.4
0.4617737003058104
0.25076452599388377
0.2874617737003058
0.4603658536585366
0.27134146341463417
0.2682926829268293
0.4
0.2
0.4
0.4
4.45
0.4438356164383562
0.273972602739726
0.2821917808219178
0.4985835694050991
0.26062322946175637
0.24079320113314448
0.4
0.2
0.4
0.6000000000000001
5.7
0.4230769230769231
0.28846153846153844
0.28846153846153844
0.5306122448979592
0.2565597667638484
0.21282798833819241
0.4
0.2
0.4
0.8
-2.55
0.476303317535545
0.26540284360189575
0.25829383886255924
0.5637755102040817
0.2653061224489796
0.17091836734693877
0.4
0.2
0.4
1.0
-4.5
0.4824016563146998
0.2795031055900621
0.23809523809523808
0.5964523281596452
0.29046563192904656
0.1130820399113082
0.4
0.2
0.6000000000000001
0.2
-10.05
0.47634069400630913
0.2113564668769716
0.31230283911671924
0.4401294498381877
0.2815533980582524
0.2783171521035599
0.4
0.2
0.6000000000000001
0.4
7.7
0.4025157232704403
0.279874213836478
0.31761006289308175
0.44761904761904764
0.27936507936507937
0.273015873015873
0.4
0.2
0.6000000000000001
0.6000000000000001
-9.9
0.45905707196029777
0.27543424317617865
0.2655086848635236
0.5026595744680851
0.30851063829787234
0.18882978723404256
0.4
0.2
0.6000000000000001
0.8
-6.75
0.49406175771971494
0.2327790973871734
0.27315914489311166
0.5274151436031331
0.3185378590078329
0.15404699738903394
0.4
0.2
0.6000000000000001
1.0
25.1
0.45454545454545453
0.3023255813953488
0.24312896405919662
0.5372460496613995
0.3227990970654628
0.1399548532731377
0.4
0.2
0.8
0.2
-2.15
0.37681159420289856
0.2210144927536232
0.40217391304347827
0.3132530120481928
0.3614457831325301
0.3253012048192771
0.4
0.2
0.8
0.4
4.65
0.386986301369863
0.21232876712328766
0.4006849315068493
0.3804347826086957
0.34782608695652173
0.2717391304347826
0.4
0.2
0.8
0.6000000000000001
2.0
0.4424552429667519
0.23785166240409208
0.319693094629156
0.4672364672364672
0.35327635327635326
0.1794871794871795
0.4
0.2
0.8
0.8
4.7
0.38817480719794345
0.2930591259640103
0.31876606683804626
0.46438746438746437
0.35327635327635326
0.18233618233618235
0.4
0.2
0.8
1.0
-4.1
0.43661971830985913
0.2535211267605634
0.30985915492957744
0.42063492063492064
0.43915343915343913
0.1402116402116402
0.4
0.2
1.0
0.2
-0.45
0.37987012987012986
0.21428571428571427
0.40584415584415584
0.2641509433962264
0.49433962264150944
0.24150943396226415
0.4
0.2
1.0
0.4
-15.7
0.33548387096774196
0.1967741935483871
0.46774193548387094
0.2567049808429119
0.5593869731800766
0.1839080459770115
0.4
0.2
1.0
0.6000000000000001
-11.65
0.3606060606060606
0.19696969696969696
0.44242424242424244
0.2825278810408922
0.5464684014869888
0.17100371747211895
0.4
0.2
1.0
0.8
6.65
0.37398373983739835
0.23306233062330622
0.39295392953929537
0.3333333333333333
0.5283018867924528
0.13836477987421383
0.4
0.2
1.0
1.0
-16.65
0.3693181818181818
0.1590909090909091
0.4715909090909091
0.31636363636363635
0.5927272727272728
0.09090909090909091
0.4
0.4
0.4
0.4
-0.2
0.4907161803713528
0.27320954907161804
0.23607427055702918
0.49604221635883905
0.2612137203166227
0.24274406332453827
0.4
0.4
0.4
0.6000000000000001
3.35
0.522673031026253
0.23627684964200477
0.24105011933174225
0.5246305418719212
0.30049261083743845
0.1748768472906404
0.4
0.4
0.4
0.8
2.35
0.5031578947368421
0.28421052631578947
0.21263157894736842
0.5530973451327433
0.28982300884955753
0.1570796460176991
0.4
0.4
0.4
1.0
-2.5
0.4925373134328358
0.2771855010660981
0.2302771855010661
0.5698198198198198
0.2882882882882883
0.14189189189189189
0.4
0.4
0.6000000000000001
0.4
8.45
0.4558011049723757
0.2430939226519337
0.3011049723756906
0.44542772861356933
0.3303834808259587
0.22418879056047197
0.4
0.4
0.6000000000000001
0.6000000000000001
-9.85
0.48548812664907653
0.22427440633245382
0.29023746701846964
0.4265129682997118
0.3631123919308357
0.21037463976945245
0.4
0.4
0.6000000000000001
0.8
-13.85
0.47291666666666665
0.29791666666666666
0.22916666666666666
0.5066666666666667
0.3511111111111111
0.14222222222222222
0.4
0.4
0.6000000000000001
1.0
0.1
0.508298755186722
0.23651452282157676
0.2551867219917012
0.4845605700712589
0.38717339667458434
0.12826603325415678
0.4
0.4
0.8
0.4
-3.8
0.46111111111111114
0.2222222222222222
0.31666666666666665
0.39039039039039036
0.3933933933933934
0.21621621621621623
0.4
0.4
0.8
0.6000000000000001
-0.9
0.4484536082474227
0.25
0.3015463917525773
0.3638968481375358
0.44126074498567336
0.19484240687679083
0.4
0.4
0.8
0.8
-13.2
0.45176470588235296
0.2847058823529412
0.2635294117647059
0.4780361757105943
0.3488372093023256
0.1731266149870801
0.4
0.4
0.8
1.0
-7.9
0.5146198830409356
0.25925925925925924
0.22612085769980506
0.4897959183673469
0.40589569160997735
0.10430839002267574
0.4
0.4
1.0
0.4
-6.3
0.4132231404958678
0.22589531680440772
0.3608815426997245
0.28173374613003094
0.5325077399380805
0.18575851393188855
0.4
0.4
1.0
0.6000000000000001
18.65
0.456359102244389
0.2194513715710723
0.32418952618453867
0.3236151603498542
0.5189504373177842
0.15743440233236153
0.4
0.4
1.0
0.8
-8.7
0.4166666666666667
0.20833333333333334
0.375
0.30407523510971785
0.5611285266457681
0.13479623824451412
0.4
0.4
1.0
1.0
3.25
0.39540816326530615
0.22193877551020408
0.3826530612244898
0.3203592814371258
0.5688622754491018
0.11077844311377245
0.4
0.6000000000000001
0.4
0.6000000000000001
9.9
0.5111607142857143
0.3325892857142857
0.15625
0.5384615384615384
0.24358974358974358
0.21794871794871795
0.4
0.6000000000000001
0.4
0.8
-11.3
0.5159914712153518
0.26652452025586354
0.21748400852878466
0.531390134529148
0.30269058295964124
0.16591928251121077
0.4
0.6000000000000001
0.4
1.0
0.55
0.47035573122529645
0.3142292490118577
0.21541501976284586
0.5622489959839357
0.30522088353413657
0.13253012048192772
0.4
0.6000000000000001
0.6000000000000001
0.6000000000000001
1.6
0.510250569476082
0.2847380410022779
0.20501138952164008
0.46064814814814814
0.3287037037037037
0.21064814814814814
0.4
0.6000000000000001
0.6000000000000001
0.8
7.8
0.5147058823529411
0.25
0.23529411764705882
0.4910313901345291
0.35650224215246634
0.15246636771300448
0.4
0.6000000000000001
0.6000000000000001
1.0
-8.55
0.507399577167019
0.2748414376321353
0.21775898520084566
0.5223214285714286
0.32142857142857145
0.15625
0.4
0.6000000000000001
0.8
0.6000000000000001
-4.9
0.4896073903002309
0.27713625866050806
0.23325635103926096
0.4441747572815534
0.3762135922330097
0.1796116504854369
0.4
0.6000000000000001
0.8
0.8
-2.25
0.49480249480249483
0.2681912681912682
0.23700623700623702
0.45454545454545453
0.4022727272727273
0.1431818181818182
0.4
0.6000000000000001
0.8
1.0
8.2
0.5265225933202358
0.2318271119842829
0.24165029469548133
0.4732334047109208
0.430406852248394
0.09635974304068523
0.4
0.6000000000000001
1.0
0.6000000000000001
2.55
0.4955555555555556
0.24888888888888888
0.25555555555555554
0.3382352941176471
0.5073529411764706
0.15441176470588236
0.4
0.6000000000000001
1.0
0.8
0.15
0.46462264150943394
0.22169811320754718
0.3136792452830189
0.34308510638297873
0.5372340425531915
0.1196808510638298
0.4
0.6000000000000001
1.0
1.0
-20.7
0.4745011086474501
0.23059866962305986
0.29490022172949004
0.353887399463807
0.5201072386058981
0.1260053619302949
0.4
0.8
0.4
0.8
19.25
0.5303643724696356
0.32388663967611336
0.145748987854251
0.5557729941291585
0.2602739726027397
0.18395303326810175
0.4
0.8
0.4
1.0
-7.0
0.5350553505535055
0.2952029520295203
0.16974169741697417
0.5352380952380953
0.3333333333333333
0.13142857142857142
0.4
0.8
0.6000000000000001
0.8
30.55
0.528046421663443
0.3230174081237911
0.14893617021276595
0.5297504798464492
0.30134357005758156
0.1689059500959693
0.4
0.8
0.6000000000000001
1.0
19.85
0.5172413793103449
0.3121597096188748
0.1705989110707804
0.5278810408921933
0.34014869888475835
0.13197026022304834
0.4
0.8
0.8
0.8
-1.2
0.5099206349206349
0.2916666666666667
0.1984126984126984
0.4560669456066946
0.38702928870292885
0.15690376569037656
0.4
0.8
0.8
1.0
5.7
0.5091240875912408
0.3102189781021898
0.18065693430656934
0.4857142857142857
0.38666666666666666
0.12761904761904763
0.4
0.8
1.0
0.8
4.55
0.53125
0.26171875
0.20703125
0.33406113537117904
0.5152838427947598
0.15065502183406113
0.4
0.8
1.0
1.0
18.45
0.5019455252918288
0.27431906614785995
0.2237354085603113
0.3634361233480176
0.5088105726872246
0.1277533039647577
0.4
1.0
0.4
1.0
-16.35
0.5533807829181495
0.31494661921708184
0.13167259786476868
0.5394265232974911
0.30286738351254483
0.15770609318996415
0.4
1.0
0.6000000000000001
1.0
3.9
0.5670103092783505
0.28350515463917525
0.14948453608247422
0.5134649910233393
0.3590664272890485
0.12746858168761221
0.4
1.0
0.8
1.0
4.9
0.5216572504708098
0.3032015065913371
0.1751412429378531
0.4684512428298279
0.3919694072657744
0.13957934990439771
0.4
1.0
1.0
1.0
-0.1
0.541970802919708
0.26277372262773724
0.19525547445255476
0.35353535353535354
0.5272727272727272
0.1191919191919192
0.6000000000000001
0.0
0.6000000000000001
0.0
5.1
0.28640776699029125
0.24757281553398058
0.46601941747572817
0.26108374384236455
0.2561576354679803
0.4827586206896552
0.6000000000000001
0.0
0.6000000000000001
0.2
-1.75
0.26229508196721313
0.2827868852459016
0.45491803278688525
0.3155737704918033
0.3401639344262295
0.3442622950819672
0.6000000000000001
0.0
0.6000000000000001
0.4
5.4
0.3967741935483871
0.23870967741935484
0.36451612903225805
0.45104895104895104
0.27972027972027974
0.2692307692307692
0.6000000000000001
0.0
0.6000000000000001
0.6000000000000001
2.1
0.31788079470198677
0.33774834437086093
0.3443708609271523
0.4387755102040816
0.2585034013605442
0.30272108843537415
0.6000000000000001
0.0
0.6000000000000001
0.8
7.35
0.2716049382716049
0.37962962962962965
0.3487654320987654
0.446875
0.303125
0.25
0.6000000000000001
0.0
0.6000000000000001
1.0
-3.3
0.33756345177664976
0.3426395939086294
0.3197969543147208
0.572972972972973
0.28378378378378377
0.14324324324324325
0.6000000000000001
0.0
0.8
0.0
0.3
0.21428571428571427
0.3142857142857143
0.4714285714285714
0.24757281553398058
0.27184466019417475
0.48058252427184467
0.6000000000000001
0.0
0.8
0.2
-5.0
0.2754237288135593
0.25
0.4745762711864407
0.36123348017621143
0.2775330396475771
0.36123348017621143
0.6000000000000001
0.0
0.8
0.4
7.25
0.2894736842105263
0.3609022556390977
0.34962406015037595
0.3333333333333333
0.30337078651685395
0.36329588014981273
0.6000000000000001
0.0
0.8
0.6000000000000001
2.2
0.3116438356164384
0.273972602739726
0.4143835616438356
0.4332129963898917
0.3249097472924188
0.24187725631768953
0.6000000000000001
0.0
0.8
0.8
-3.3
0.36797752808988765
0.22752808988764045
0.4044943820224719
0.477124183006536
0.369281045751634
0.15359477124183007
0.6000000000000001
0.0
0.8
1.0
-11.3
0.31754874651810583
0.27298050139275765
0.40947075208913647
0.4857142857142857
0.39365079365079364
0.12063492063492064
0.6000000000000001
0.0
1.0
0.0
2.0
0.1864406779661017
0.2288135593220339
0.5847457627118644
0.15346534653465346
0.5693069306930693
0.27722772277227725
0.6000000000000001
0.0
1.0
0.2
3.9
0.22924901185770752
0.23715415019762845
0.5335968379446641
0.2037037037037037
0.5185185185185185
0.2777777777777778
0.6000000000000001
0.0
1.0
0.4
-4.7
0.1889763779527559
0.20078740157480315
0.610236220472441
0.22429906542056074
0.5794392523364486
0.19626168224299065
0.6000000000000001
0.0
1.0
0.6000000000000001
-10.0
0.2619047619047619
0.20408163265306123
0.5340136054421769
0.2967479674796748
0.5609756097560976
0.14227642276422764
0.6000000000000001
0.0
1.0
0.8
1.55
0.23717948717948717
0.27564102564102566
0.48717948717948717
0.3591549295774648
0.5140845070422535
0.1267605633802817
0.6000000000000001
0.0
1.0
1.0
-6.3
0.28059701492537314
0.2746268656716418
0.44477611940298506
0.37583892617449666
0.4798657718120805
0.14429530201342283
0.6000000000000001
0.2
0.6000000000000001
0.2
7.4
0.40875912408759124
0.2737226277372263
0.3175182481751825
0.3546099290780142
0.2801418439716312
0.36524822695035464
0.6000000000000001
0.2
0.6000000000000001
0.4
4.25
0.3536977491961415
0.3536977491961415
0.29260450160771706
0.3980891719745223
0.28343949044585987
0.3184713375796178
0.6000000000000001
0.2
0.6000000000000001
0.6000000000000001
8.3
0.3868194842406877
0.30659025787965616
0.30659025787965616
0.4417910447761194
0.32238805970149254
0.23582089552238805
0.6000000000000001
0.2
0.6000000000000001
0.8
13.75
0.39655172413793105
0.32019704433497537
0.2832512315270936
0.49872122762148335
0.3248081841432225
0.17647058823529413
0.6000000000000001
0.2
0.6000000000000001
1.0
-20.85
0.38636363636363635
0.29797979797979796
0.31565656565656564
0.475
0.3638888888888889
0.16111111111111112
0.6000000000000001
0.2
0.8
0.2
5.9
0.39372822299651566
0.29965156794425085
0.30662020905923343
0.36177474402730375
0.29692832764505117
0.3412969283276451
0.6000000000000001
0.2
0.8
0.4
-7.9
0.3433333333333333
0.2633333333333333
0.3933333333333333
0.32116788321167883
0.4051094890510949
0.2737226277372263
0.6000000000000001
0.2
0.8
0.6000000000000001
-2.55
0.39166666666666666
0.30277777777777776
0.3055555555555556
0.45535714285714285
0.31845238095238093
0.2261904761904762
0.6000000000000001
0.2
0.8
0.8
14.15
0.3452054794520548
0.3452054794520548
0.3095890410958904
0.4577259475218659
0.34110787172011664
0.20116618075801748
0.6000000000000001
0.2
0.8
1.0
-7.8
0.36790123456790125
0.29876543209876544
0.3333333333333333
0.4788732394366197
0.38591549295774646
0.1352112676056338
0.6000000000000001
0.2
1.0
0.2
-0.55
0.2901023890784983
0.26621160409556316
0.44368600682593856
0.28793774319066145
0.4669260700389105
0.245136186770428
0.6000000000000001
0.2
1.0
0.4
-1.75
0.33534743202416917
0.23867069486404835
0.4259818731117825
0.2690909090909091
0.5527272727272727
0.1781818181818182
0.6000000000000001
0.2
1.0
0.6000000000000001
-3.65
0.32094594594594594
0.20270270270270271
0.47635135135135137
0.2793522267206478
0.5182186234817814
0.20242914979757085
0.6000000000000001
0.2
1.0
0.8
-6.9
0.3275862068965517
0.25
0.4224137931034483
0.36363636363636365
0.494949494949495
0.1414141414141414
0.6000000000000001
0.2
1.0
1.0
-2.4
0.3706467661691542
0.27611940298507465
0.35323383084577115
0.396011396011396
0.49002849002849
0.11396011396011396
0.6000000000000001
0.4
0.6000000000000001
0.4
9.5
0.3933933933933934
0.3333333333333333
0.2732732732732733
0.40058479532163743
0.31871345029239767
0.2807017543859649
0.6000000000000001
0.4
0.6000000000000001
0.6000000000000001
14.9
0.4481865284974093
0.28756476683937826
0.26424870466321243
0.464
0.3253333333333333
0.21066666666666667
0.6000000000000001
0.4
0.6000000000000001
0.8
-13.75
0.4444444444444444
0.29931972789115646
0.2562358276643991
0.4665071770334928
0.37799043062200954
0.15550239234449761
0.6000000000000001
0.4
0.6000000000000001
1.0
2.85
0.41098901098901097
0.34725274725274724
0.24175824175824176
0.5138248847926268
0.3294930875576037
0.15668202764976957
0.6000000000000001
0.4
0.8
0.4
-15.2
0.43854748603351956
0.2709497206703911
0.2905027932960894
0.40058479532163743
0.3684210526315789
0.2309941520467836
0.6000000000000001
0.4
0.8
0.6000000000000001
-0.3
0.38764044943820225
0.3258426966292135
0.28651685393258425
0.39502762430939226
0.3756906077348066
0.2292817679558011
0.6000000000000001
0.4
0.8
0.8
0.0
0.40691489361702127
0.2845744680851064
0.30851063829787234
0.43059490084985835
0.37960339943342775
0.18980169971671387
0.6000000000000001
0.4
0.8
1.0
-5.75
0.4429530201342282
0.29082774049217003
0.2662192393736018
0.4732824427480916
0.37150127226463103
0.15521628498727735
0.6000000000000001
0.4
1.0
0.4
2.0
0.37317784256559766
0.2915451895043732
0.33527696793002915
0.26174496644295303
0.4865771812080537
0.2516778523489933
0.6000000000000001
0.4
1.0
0.6000000000000001
-11.3
0.472636815920398
0.19651741293532338
0.3308457711442786
0.30275229357798167
0.5535168195718655
0.1437308868501529
0.6000000000000001
0.4
1.0
0.8
3.25
0.41904761904761906
0.2761904761904762
0.3047619047619048
0.3733681462140992
0.47780678851174935
0.14882506527415143
0.6000000000000001
0.4
1.0
1.0
22.75
0.3888888888888889
0.26262626262626265
0.3484848484848485
0.36962750716332377
0.5071633237822349
0.12320916905444126
0.6000000000000001
0.6000000000000001
0.6000000000000001
0.6000000000000001
0.3
0.4681818181818182
0.32045454545454544
0.21136363636363636
0.46386946386946387
0.32634032634032634
0.2097902097902098
0.6000000000000001
0.6000000000000001
0.6000000000000001
0.8
-1.25
0.47045951859956237
0.3150984682713348
0.21444201312910285
0.4811529933481153
0.35033259423503327
0.16851441241685144
0.6000000000000001
0.6000000000000001
0.6000000000000001
1.0
-3.6
0.4696969696969697
0.3314393939393939
0.19886363636363635
0.510934393638171
0.35984095427435386
0.12922465208747516
0.6000000000000001
0.6000000000000001
0.8
0.6000000000000001
10.05
0.44552058111380144
0.324455205811138
0.23002421307506055
0.4354066985645933
0.35645933014354064
0.20813397129186603
0.6000000000000001
0.6000000000000001
0.8
0.8
-14.4
0.44175824175824174
0.3120879120879121
0.24615384615384617
0.42720763723150357
0.4033412887828162
0.16945107398568018
0.6000000000000001
0.6000000000000001
0.8
1.0
2.3
0.48577235772357724
0.3008130081300813
0.21341463414634146
0.45278969957081544
0.4034334763948498
0.14377682403433475
0.6000000000000001
0.6000000000000001
1.0
0.6000000000000001
16.45
0.42962962962962964
0.25679012345679014
0.3135802469135803
0.3268698060941828
0.5041551246537396
0.16897506925207756
0.6000000000000001
0.6000000000000001
1.0
0.8
10.05
0.4638009049773756
0.25339366515837103
0.2828054298642534
0.3333333333333333
0.5185185185185185
0.14814814814814814
0.6000000000000001
0.6000000000000001
1.0
1.0
-5.8
0.430406852248394
0.2955032119914347
0.2740899357601713
0.3471882640586797
0.530562347188264
0.12224938875305623
0.6000000000000001
0.8
0.6000000000000001
0.8
4.55
0.47333333333333333
0.33555555555555555
0.19111111111111112
0.465324384787472
0.34451901565995524
0.19015659955257272
0.6000000000000001
0.8
0.6000000000000001
1.0
-5.6
0.44123711340206184
0.354639175257732
0.20412371134020618
0.4734607218683652
0.37154989384288745
0.15498938428874734
0.6000000000000001
0.8
0.8
0.8
-5.6
0.4881889763779528
0.36023622047244097
0.1515748031496063
0.4387755102040816
0.3836734693877551
0.17755102040816326
0.6000000000000001
0.8
0.8
1.0
-13.0
0.4952919020715631
0.3050847457627119
0.19962335216572505
0.4300202839756592
0.4381338742393509
0.13184584178498987
0.6000000000000001
0.8
1.0
0.8
-10.15
0.48975409836065575
0.29098360655737704
0.2192622950819672
0.3219178082191781
0.5205479452054794
0.15753424657534246
0.6000000000000001
0.8
1.0
1.0
-7.55
0.4460285132382892
0.3075356415478615
0.24643584521384929
0.3233256351039261
0.5519630484988453
0.12471131639722864
0.6000000000000001
1.0
0.6000000000000001
1.0
15.65
0.4766187050359712
0.38669064748201437
0.1366906474820144
0.483695652173913
0.3496376811594203
0.16666666666666666
0.6000000000000001
1.0
0.8
1.0
10.5
0.49818840579710144
0.3713768115942029
0.13043478260869565
0.48576512455516013
0.34519572953736655
0.16903914590747332
0.6000000000000001
1.0
1.0
1.0
-16.0
0.4829443447037702
0.3123877917414722
0.20466786355475763
0.3387096774193548
0.5463709677419355
0.11491935483870967
0.8
0.0
0.8
0.0
-6.25
0.2018348623853211
0.3532110091743119
0.44495412844036697
0.23660714285714285
0.32142857142857145
0.4419642857142857
0.8
0.0
0.8
0.2
4.65
0.23770491803278687
0.29098360655737704
0.4713114754098361
0.3319672131147541
0.3483606557377049
0.319672131147541
0.8
0.0
0.8
0.4
-4.55
0.2593984962406015
0.3383458646616541
0.40225563909774437
0.39245283018867927
0.2943396226415094
0.3132075471698113
0.8
0.0
0.8
0.6000000000000001
8.85
0.3018292682926829
0.3201219512195122
0.3780487804878049
0.43086816720257237
0.36012861736334406
0.2090032154340836
0.8
0.0
0.8
0.8
-7.95
0.3061797752808989
0.3146067415730337
0.3792134831460674
0.5029940119760479
0.3383233532934132
0.15868263473053892
0.8
0.0
0.8
1.0
-12.25
0.2897727272727273
0.32386363636363635
0.38636363636363635
0.4691358024691358
0.37037037037037035
0.16049382716049382
0.8
0.0
1.0
0.0
-9.1
0.14553990610328638
0.2347417840375587
0.6197183098591549
0.06818181818181818
0.5568181818181818
0.375
0.8
0.0
1.0
0.2
-3.85
0.16600790513833993
0.31225296442687744
0.5217391304347826
0.2290748898678414
0.4801762114537445
0.2907488986784141
0.8
0.0
1.0
0.4
-8.25
0.16731517509727625
0.2529182879377432
0.5797665369649806
0.2694063926940639
0.5114155251141552
0.2191780821917808
0.8
0.0
1.0
0.6000000000000001
-9.0
0.1678832116788321
0.3029197080291971
0.5291970802919708
0.26666666666666666
0.5166666666666667
0.21666666666666667
0.8
0.0
1.0
0.8
-1.5
0.18505338078291814
0.2775800711743772
0.5373665480427047
0.30991735537190085
0.512396694214876
0.17768595041322313
0.8
0.0
1.0
1.0
-0.8
0.22424242424242424
0.31212121212121213
0.4636363636363636
0.4068965517241379
0.46206896551724136
0.1310344827586207
0.8
0.2
0.8
0.2
4.8
0.33214285714285713
0.3357142857142857
0.33214285714285713
0.2996389891696751
0.35379061371841153
0.34657039711191334
0.8
0.2
0.8
0.4
1.55
0.30716723549488056
0.35494880546075086
0.3378839590443686
0.3732876712328767
0.3150684931506849
0.3116438356164384
0.8
0.2
0.8
0.6000000000000001
-5.7
0.34864864864864864
0.34324324324324323
0.3081081081081081
0.4463276836158192
0.3474576271186441
0.2062146892655367
0.8
0.2
0.8
0.8
-4.3
0.368
0.32
0.312
0.4289855072463768
0.3826086956521739
0.18840579710144928
0.8
0.2
0.8
1.0
-5.9
0.3087818696883853
0.3002832861189802
0.3909348441926346
0.440625
0.4
0.159375
0.8
0.2
1.0
0.2
3.5
0.31290322580645163
0.3
0.3870967741935484
0.22021660649819494
0.5054151624548736
0.2743682310469314
0.8
0.2
1.0
0.4
-9.95
0.27796610169491526
0.3050847457627119
0.41694915254237286
0.24334600760456274
0.49049429657794674
0.2661596958174905
0.8
0.2
1.0
0.6000000000000001
-16.4
0.2898089171974522
0.31528662420382164
0.39490445859872614
0.27402135231316727
0.48398576512455516
0.24199288256227758
0.8
0.2
1.0
0.8
-5.3
0.3136094674556213
0.2455621301775148
0.4408284023668639
0.27208480565371024
0.5865724381625441
0.1413427561837456
0.8
0.2
1.0
1.0
-11.85
0.3168831168831169
0.3168831168831169
0.36623376623376624
0.3742690058479532
0.49415204678362573
0.13157894736842105
0.8
0.4
0.8
0.4
3.05
0.4426229508196721
0.33060109289617484
0.226775956284153
0.39572192513368987
0.3449197860962567
0.25935828877005346
0.8
0.4
0.8
0.6000000000000001
-10.7
0.3780821917808219
0.3506849315068493
0.27123287671232876
0.4598337950138504
0.31024930747922436
0.2299168975069252
0.8
0.4
0.8
0.8
-22.95
0.405152224824356
0.3583138173302108
0.23653395784543327
0.44191919191919193
0.3560606060606061
0.20202020202020202
0.8
0.4
0.8
1.0
12.35
0.35351089588377727
0.3704600484261501
0.27602905569007263
0.4744525547445255
0.35279805352798055
0.17274939172749393
0.8
0.4
1.0
0.4
-2.25
0.37790697674418605
0.28488372093023256
0.3372093023255814
0.28846153846153844
0.4807692307692308
0.23076923076923078
0.8
0.4
1.0
0.6000000000000001
-0.1
0.3877551020408163
0.26785714285714285
0.34438775510204084
0.3421828908554572
0.5132743362831859
0.14454277286135694
0.8
0.4
1.0
0.8
-19.65
0.3601036269430052
0.30569948186528495
0.33419689119170987
0.3181818181818182
0.5170454545454546
0.16477272727272727
0.8
0.4
1.0
1.0
-0.05
0.3584905660377358
0.32547169811320753
0.3160377358490566
0.38341968911917096
0.4948186528497409
0.12176165803108809
0.8
0.6000000000000001
0.8
0.6000000000000001
7.75
0.4021164021164021
0.34656084656084657
0.25132275132275134
0.39946380697050937
0.36193029490616624
0.2386058981233244
0.8
0.6000000000000001
0.8
0.8
9.7
0.39950372208436724
0.33002481389578164
0.2704714640198511
0.42377260981912146
0.38242894056847543
0.1937984496124031
0.8
0.6000000000000001
0.8
1.0
-5.6
0.4378818737270876
0.35845213849287166
0.20366598778004075
0.4541577825159915
0.3859275053304904
0.15991471215351813
0.8
0.6000000000000001
1.0
0.6000000000000001
-10.3
0.4574712643678161
0.28735632183908044
0.25517241379310346
0.33421052631578946
0.48157894736842105
0.18421052631578946
0.8
0.6000000000000001
1.0
0.8
-6.25
0.43614457831325304
0.25783132530120484
0.3060240963855422
0.32222222222222224
0.525
0.1527777777777778
0.8
0.6000000000000001
1.0
1.0
3.25
0.3962703962703963
0.31002331002331
0.2937062937062937
0.366412213740458
0.5012722646310432
0.13231552162849872
0.8
0.8
0.8
0.8
0.95
0.42032332563510394
0.371824480369515
0.20785219399538107
0.4521158129175947
0.34966592427616927
0.19821826280623608
0.8
0.8
0.8
1.0
-16.65
0.4282744282744283
0.367983367983368
0.20374220374220375
0.4523809523809524
0.38095238095238093
0.16666666666666666
0.8
0.8
1.0
0.8
-21.0
0.44190871369294604
0.3278008298755187
0.23029045643153526
0.32286995515695066
0.5201793721973094
0.15695067264573992
0.8
0.8
1.0
1.0
-9.9
0.44017094017094016
0.31196581196581197
0.24786324786324787
0.37327188940092165
0.48847926267281105
0.1382488479262673
0.8
1.0
0.8
1.0
4.4
0.44339622641509435
0.39245283018867927
0.1641509433962264
0.4501915708812261
0.37547892720306514
0.1743295019157088
0.8
1.0
1.0
1.0
2.8
0.46153846153846156
0.358974358974359
0.1794871794871795
0.3840155945419103
0.48927875243664715
0.1267056530214425
1.0
0.0
1.0
0.0
3.95
0.0761904761904762
0.43333333333333335
0.49047619047619045
0.04854368932038835
0.49029126213592233
0.46116504854368934
1.0
0.0
1.0
0.2
-1.5
0.1222707423580786
0.4279475982532751
0.4497816593886463
0.1829787234042553
0.41702127659574467
0.4
1.0
0.0
1.0
0.4
-12.75
0.09387755102040816
0.46530612244897956
0.44081632653061226
0.24719101123595505
0.4232209737827715
0.3295880149812734
1.0
0.0
1.0
0.6000000000000001
-20.2
0.1987179487179487
0.38461538461538464
0.4166666666666667
0.30976430976430974
0.48148148148148145
0.20875420875420875
1.0
0.0
1.0
0.8
-17.75
0.20489296636085627
0.40061162079510704
0.3944954128440367
0.3867069486404834
0.4199395770392749
0.1933534743202417
1.0
0.0
1.0
1.0
0.05
0.15915915915915915
0.43243243243243246
0.4084084084084084
0.39481268011527376
0.4495677233429395
0.15561959654178675
1.0
0.2
1.0
0.2
1.6
0.24496644295302014
0.4261744966442953
0.3288590604026846
0.2745762711864407
0.41694915254237286
0.30847457627118646
1.0
0.2
1.0
0.4
6.6
0.22073578595317725
0.43812709030100333
0.3411371237458194
0.2871287128712871
0.42244224422442245
0.29042904290429045
1.0
0.2
1.0
0.6000000000000001
-1.3
0.2522255192878338
0.41543026706231456
0.3323442136498516
0.3353115727002967
0.4391691394658754
0.22551928783382788
1.0
0.2
1.0
0.8
3.15
0.22674418604651161
0.43023255813953487
0.3430232558139535
0.3402985074626866
0.45671641791044776
0.20298507462686566
1.0
0.2
1.0
1.0
-5.15
0.2599009900990099
0.4405940594059406
0.2995049504950495
0.40096618357487923
0.45893719806763283
0.14009661835748793
1.0
0.4
1.0
0.4
0.45
0.27692307692307694
0.4153846153846154
0.3076923076923077
0.26875
0.446875
0.284375
1.0
0.4
1.0
0.6000000000000001
2.75
0.26704545454545453
0.4289772727272727
0.3039772727272727
0.3333333333333333
0.42028985507246375
0.2463768115942029
1.0
0.4
1.0
0.8
3.05
0.289002557544757
0.4194373401534527
0.2915601023017903
0.35751295336787564
0.46113989637305697
0.18134715025906736
1.0
0.4
1.0
1.0
-12.35
0.27877237851662406
0.41687979539641945
0.30434782608695654
0.3723958333333333
0.453125
0.17447916666666666
1.0
0.6000000000000001
1.0
0.6000000000000001
10.1
0.3089887640449438
0.45786516853932585
0.23314606741573032
0.3582887700534759
0.3663101604278075
0.27540106951871657
1.0
0.6000000000000001
1.0
0.8
-0.6
0.323943661971831
0.460093896713615
0.215962441314554
0.35469107551487417
0.43478260869565216
0.21052631578947367
1.0
0.6000000000000001
1.0
1.0
5.3
0.29285714285714287
0.4523809523809524
0.25476190476190474
0.4309133489461358
0.3981264637002342
0.17096018735362997
1.0
0.8
1.0
0.8
-10.8
0.3805309734513274
0.4026548672566372
0.2168141592920354
0.34210526315789475
0.4692982456140351
0.18859649122807018
1.0
0.8
1.0
1.0
6.0
0.3741794310722101
0.387308533916849
0.23851203501094093
0.35454545454545455
0.4909090909090909
0.15454545454545454
1.0
1.0
1.0
1.0
-23.0
0.3305439330543933
0.4707112970711297
0.19874476987447698
0.37420718816067655
0.44820295983086683
0.17758985200845667
